647 ⁵

Augustinus s. 7. 8. 12. 14. 16. 17. 23. 27. 31. 44. 47. 53. 56. 63. 78.

79. 81. 85. 91. 92. 97.105.115.121. 124135.
137. 155156. 157. 168170. 171. 173. 189. 190.
203. 207. 811. 224. 241. 245. 246. 247. 249. 251.
256. 263. 270. 273. 274 279. 282. 283. 886. 889.
296. 309. 320. 321. 325. 338. 348. 356. 358. 364. ,
367. 368. 374. 390. 416. 421. 424. 430. 438. 441.
442. 452. 460. 463. 469. 478. 481. 484. 498. 499.
502. 513. 514. 516. 529. 532. 534. 544. 555. 556.

Author operis imperfecti' m s Matthaeum 152. 272.

Avitus 477. ·

Ayala 397.

Azorius 20. 161. 398. 403. 472. 490. 544. 545. 546. 564. 568. 569.

Β.

Bujus 20.

Baldensel 71.

Bwllerini 31.

Bnluzius 543.

Barbosa 289.

Baronius 69. 74. 84. 191. 199. 291. 332. 409. 410. 469. 470. 471. 472.
473. 475. 480. 487. 545. 546. 563. 568. 599. 604.
609. 615617. 618.

Barradas 6. 50. 387. 445.

Basileense Concilium 23. 560.

Basilius s. 92. 93. 95. 123. 141. 145. 159. 165. 273. 881. 291. 295. 314.
329. 338. 420. 456. 583.

Bannagius 292. 315.

Bauer 586.

Becanus 169. 200. 321. 380.

Beda ven. 8. 155. 198. 320. 331. 350. 395. 403. 409. 469. 470499.
545. 600. 606. 609. 611. 617. 618. ·

Bellarminus 6. 8. 19. 50. 74. 159. 211. 213. 322. 462. 521. 558. 564.

Benedictus x1v. 4. 85. 68. 77178. 184. 209. 230. 242. 253. 261. 267.
297. 397. 409. 469. 471. 476. 479. 480. 503. 505.
542. 548. 551. 552. 554. 537. 567. 568. 572. 642.

Berchmannus ven. 537.

Berg, van den - 471.
Bernardinus n. 14. 15. 30. 51. 57. 326. 332. 347. 379. 386. 388. 390.

396. 409. 429431. 439. ssa 448. 457. 471. 507.
515. 519. 523. 526. 528. 536.
Bernardinus de Busto 472.

 

